d -11
f 5561902608746059651
ω [105350681293392914433, 1], 2
β [87686893379645659634, 1], 1
p 82584400069028176969864875601918020463682940233361724162792604696040966687569903811249237681812751105439874935862118106234093567
E [16934404786697719486917306357790866460143697146443508937848850284038117505948318824342128886226774766801649033130784961418562381, 0]
P [[59863300744485013731897712276149923932383199885467575021657065727764203021427946402114748928597287748962795133388051727498697046, 51892010207664858757041922058876180123980809140857588790495277181867627323324256259930128836948677378754183646141861342412565734], [29651129852414725100466041874650632075693816166088557276728575806667889867356681072078905242097240343589042539891093325519206018, 19177999055129896827316064742840059125203686084516368974500398629326296483656444688137984093875458946794770270294568851338692864]]
Q [[81119653468638531824479200169282327929154549110533291410880087203226931155637746008665966334474675792920874175783172719860709168, 21278355406108992255653858469328320937764601164790635647641889666882458941823295505017072364678040139031944704373096673800433516], [26497478339877824687082460002264187699565044363743109169241075660148295442283873889640419041251571198477856707474102140112867720, 7488059280010720023113495703500588871168424935356316197009135548031665372197025397903018924934340995227063611306386157267852883]]
ωP [[25865855798105535070060339451464785986691651794964697617786011378599841504498635832636020973861340200432107394469972653847989238, 17268291482883394990097745935997172596774602244727473813705698469546729738148060329006705980914705334346793029747699463586438103], [5341697916236427260227737271174480346003517791629292615300591652839106496231990308537301135022390729813266618185934946151568954, 60881502553641091941686598270038087148119101590643438718127971593418224207842458424172020534439935598204931318994489605182900654]]
ωQ [[72967421339958825375922658779145288656781518381749620029494223201852551671257138589990759631988935009932242535154257108825578025, 12595682284055600159702175600709856751148395338134615461823265170641736307527344148460745445119859943729252498879780103196600018], [14846771963031680687736366361825841096564313226734513242636193740140921693364417763007437561942060748669456564403368452649736319, 45803873812079593954524022917750390471832086791755232540600580409681727239482832473527307492516928544293193720471024023804202568]]
