d -11
f 1294981343
ω [64464420913, 1], 2
β [69350242047, 5], 2
p 1243860333603982568026641440523014635142548663400435746517610765710004322303
E [45512851818768062878275063933922854644851705599807996023266189218034023773, 0]
P [[817698235971857603286146235234369798165825528234341217672205427252051686359, 414091607516917368654382333361451079137252818194735659091630845289003878812], [232426533890508756617762191129189161156902725576433964428545764239601770153, 1222866811987667848129204953546280031799226577707080900024758934718068581994]]
Q [[77360807928968135188622289869918949530857104454197774966386944422305654256, 890188837961094715096180268192918342732734831436319737197109981709183908684], [501361312829800219412087950013268575229749054295316202072916066709009892342, 654150848222330030027761692740923521095128457987081818148833260224423875183]]
ωP [[1236857020650402383833251160584845391355619628088281676815364980619914051636, 422748459427764311454954570486776078362947033554361210746979635211230807227], [197230643388774036963006598427006258148131612333420923089502494854938040303, 921031791773833192535523116145228892572733754410601407082230805361667001766]]
ωQ [[906937858623958276065004379128779441479744983011575220390110511440817114107, 405298555500805586550227724144001170051153754741527363630850102911980061055], [589543165689043117700825737372902549916890331746632876145491473055560456619, 650682037823064097559523925454440502676478942029194173475169108218402552716]]
